0.22348866 0.66599107 0.93374955 0.30391123 0.26837606 0.16739604 0.79550083 0.21725081 0.98202472 0.28164248
0.96934406 0.75323642 0.39921129 0.70951107 0.08613521 0.62411451 0.49298661 0.22375344 0.30848701 0.78529314
0.15160660 0.93149064 0.96395242 0.18389698 0.61976536 0.63629883 0.61235542 0.56868134 0.23127078 0.85957229
0.16837973 0.49992882 0.26740890 0.89192854 0.71803748 0.87652990 0.07160361 0.52007494 0.39048084 0.79769062
0.36945497 0.66253614 0.77314529 0.07409445 0.04775388 0.59433807 0.57162814 0.62609470 0.33401722 0.83064774
0.16984828 0.27242079 0.61672038 0.22002658 0.13216588 0.36621701 0.88357518 0.09280410 0.31316346 0.73472395
0.59091729 0.83049410 0.62304644 0.26934953 0.28514517 0.14185052 0.62901305 0.71217031 0.48837376 0.79665632
0.43563472 0.11845242 0.89872473 0.22562775 0.23758905 0.39961325 0.33967569 0.08919834 0.31159992 0.55575061
0.68993057 0.01081499 0.38463645 0.64912961 0.32116605 0.38674643 0.80046157 0.08341777 0.71417146 0.38347388
0.66045199 0.66083342 0.19383765 0.11719207 0.80850517 0.90359478 0.01093372 0.40006428 0.27775358 0.82007586
