0.2234887 0.9693441 0.1516066 0.1683797 0.369455
0.1698483 0.5909173 0.4356347 0.6899306 0.660452
0.6659911 0.7532364 0.9314906 0.4999288 0.6625361
0.2724208 0.8304941 0.1184524 0.01081499 0.6608334
0.9337495 0.3992113 0.9639524 0.2674089 0.7731453
0.6167204 0.6230464 0.8987247 0.3846365 0.1938377
0.3039112 0.7095111 0.183897 0.8919285 0.07409445
0.2200266 0.2693495 0.2256277 0.6491296 0.1171921
0.2683761 0.08613521 0.6197654 0.7180375 0.04775388
0.1321659 0.2851452 0.2375891 0.321166 0.8085052
0.167396 0.6241145 0.6362988 0.8765299 0.5943381
0.366217 0.1418505 0.3996133 0.3867464 0.9035948
0.7955008 0.4929866 0.6123554 0.07160361 0.5716281
0.8835752 0.629013 0.3396757 0.8004616 0.01093372
0.2172508 0.2237534 0.5686813 0.5200749 0.6260947
0.0928041 0.7121703 0.08919834 0.08341777 0.4000643
0.9820247 0.308487 0.2312708 0.3904808 0.3340172
0.3131635 0.4883738 0.3115999 0.7141715 0.2777536
0.2816425 0.7852931 0.8595723 0.7976906 0.8306477
0.7347239 0.7966563 0.5557506 0.3834739 0.8200759
