 0.8913517209  2.0028173358 -1.4305458748 -2.4757397935 -0.1936634097 -0.2464820895 -0.8500283951 -0.0606316376 -0.8072108409 -0.3429146993
-1.0498276960 -0.1601982327 -0.6641394519 -0.2211565201  0.9040060084  1.4079650597  1.4093934705  0.5912883433 -0.1724411410  1.1617279355
 0.3468950080 -0.5917110268 -0.4316585916  0.4216768634  1.8224230959 -1.0033039699  1.0408810650  0.0227506095 -1.1644941068  0.1416535755
 0.3065036120 -1.6843269969 -0.6168931600  2.2112215349 -0.8377032459 -0.9863734253 -1.0371195260 -0.6093768344 -0.9831204761 -1.2661223330
-0.4015250406  0.6386495267  0.2414214688  1.0793692686  2.8645743960  0.0265300162  0.8717150175  0.2799262378  0.3603066922  1.8228881769
 1.7994791436  1.0152638092  0.9261415658  0.5100038498 -0.4697026004 -0.7422894881  1.2964518382 -0.1774358486  0.4470302857 -0.2292766057
-1.1062796332  0.2882547974  0.3861001336 -1.4415088837  0.1040248681 -1.4202591552  1.1434200057 -2.6126032209 -1.1320114594 -0.4333428575
 1.3657400100 -0.7952796936 -0.5565517176 -0.6728699140  0.8289742369  1.1509677685  0.6356546379  1.6244094551  2.0360829693 -1.2574701914
 0.1979802224 -2.6229664272  0.8153898984 -0.1955239936  0.1865045317  0.3503569949  0.9655453956 -0.7526198495 -1.6282237406  2.3113886043
-0.1268936283 -0.8022764266 -1.3158006449  0.4485695478  0.4473884455  0.5525783005 -1.1325061246  0.8626771110 -0.9406859073 -1.0077200125
 1.1666758865  0.7074560750 -0.0261303807  0.2894258673  0.0642685602 -1.3320901846 -0.9600045422 -1.3196741851 -1.7588639619  1.2896163810
 0.3948010475 -1.5162181827 -0.7649316834 -0.6998879406  0.3897245413  0.1999697247 -0.5352673407  0.2547154019  0.3763459315 -0.6090702178
-0.1261890746  0.0073069956  0.1368188093 -0.0715637575  0.4635036032  0.4678930159 -0.9633298167  2.3542864624 -0.1329828173 -0.9684847358
-1.6755754506 -1.3145070284  0.5501778537 -1.2428485667  0.5385054007  0.0727300227 -0.1774671098  0.3690013833  0.0936946274 -0.3925114647
 0.1156749785  0.0017849243 -0.1399722380  0.6939993675  0.7777345272  0.6663756882 -0.0346918221  0.4561925334 -2.6057885486 -0.9259803775
-0.0532307296  0.1185970999  0.1647573163 -0.0286708058  0.0452407708  0.8162457593  0.0863250421 -1.6628147550 -1.4090039194 -2.0222367515
 0.1263828085 -2.5912456667 -0.4093829473  0.9518900151 -2.3025536767  0.2935116484 -0.2020752948  2.4839184503  0.2494278114 -0.1236147486
-0.9151086727  0.7178018640 -1.6859632033 -1.1406226865  0.2458938510 -1.3441566200  0.7516211461  0.2373058411 -0.1190239599 -0.7349051445
-1.6367704296 -0.8053616353  0.2591178701 -0.2116048063 -0.8270029396  0.0502084825  0.0836875414 -0.6972094918 -0.1360319914 -0.8828121610
-0.7948707523 -0.7563352085 -0.5748348562 -0.8922091188  0.6370764886 -0.4252666039  0.8487921176 -0.7684296451 -0.9166810219 -0.6694254561
-0.6244536080  0.6162621328 -0.3144561196  0.1504652777 -1.4546117256  0.3816596538 -2.1717769166  0.0588035708 -0.3855196752 -0.8141469969
-0.0008202203 -0.2104689339  0.8129210814 -0.6929517819 -1.4059414800  0.1648949675  0.5083739806 -0.5549042139 -2.1156726990 -0.9499039538
 0.5011692915  0.7441437163  0.4412204192  0.2289394250  0.8911874963 -0.9043330668  0.3640891591  0.2483435339  3.5087562005 -0.8184776999
-1.1472288748 -0.0130549539  0.8229909802 -0.2255198254  0.7943427102 -2.4183730399  0.4507049059 -0.8414215128 -0.3794167795 -0.0775335077
 0.6785877138 -0.8390069028 -0.6293268154 -0.0476641180  1.3178159817 -0.0686236157  1.6494312892  0.5389741044  1.0543549594 -1.1908459644
 1.6588711167 -0.1029094166  0.8950106499 -0.9003091441  0.5952067043  0.1007083157  1.0047931727  1.3448264825  0.9557326913  0.3910693337
-1.9682211087  1.2228265311 -0.0303066875 -0.2188078817 -1.9524512644  0.3941630181  2.2831516306  0.6576017949  1.6818052723 -0.9510543829
-0.7142613169 -0.5839568934 -0.5295844121 -0.3717169455 -1.8017034878 -0.9242484749 -1.0987657139 -2.8783494547  0.7432833889  0.2868816574
-1.6846007300  0.3851345920  0.3605883449  0.7028366511 -0.3266060417 -0.3836791642 -0.5229111812  1.4079550483 -0.0181293140 -0.0335002174
-0.2307025500 -1.9006249914 -0.0113995275  0.5348676520 -1.3032813272 -0.9675776656 -1.4939357222  1.5989745547 -0.4823512220 -1.9320557122
 1.6247693709 -0.5323934876 -0.8744335319  1.0285360674 -0.3568484117 -0.5821455613  0.3184328631 -0.5120186073 -0.0741567221  0.7996161276
 0.0581309202  0.6603427020  0.3181221630 -0.2035177385 -0.7026724549 -1.3656758184  1.1511353416 -0.9851832499 -1.1413854135  1.1068646639
-1.3046671024  0.3032093320  0.0006184666  1.3178264814 -0.8585384312 -1.1375410914  0.9729700649  0.2677702198  0.0146198233 -1.5079468047
-1.0355756705 -0.1473605870 -1.9402536112  1.2692897981 -1.3342385723 -0.2597707300 -0.6462960324  0.1213393874  0.5576219870  0.5111677949
 0.6096475996 -0.0377178879 -0.7909025562  1.3679414688  0.9816731697  1.0659327588  0.6602173695 -0.9416757180 -1.2199092887  0.0411480260
-0.6225431618 -1.7519914114 -0.6956028576  1.1112415843  0.7996736607 -1.1970292041 -0.6230288737 -1.4936155010 -0.2181194566 -0.6688401647
-0.1047558902 -2.0274671174 -0.0826332350 -0.3536139645  0.5333714708 -0.8271390582  0.5676105991  0.3176644357 -1.2792937991  0.3231905896
 1.7720566298 -0.1212848217 -1.0093492749  1.1869770077  1.8791111603 -0.5567110703 -0.0675717980  0.1521614165  1.7249475832 -0.0650976667
 0.7266524237 -2.4843249832 -0.6340805791 -2.7970227535 -1.1985186504 -1.7379465759 -0.3973726939 -0.6528963198  1.8674389425 -0.5217637034
-1.1018296402  0.9632891707  0.6083127604  0.4915227990 -0.8894299253 -0.5758675247 -0.0029889306 -0.1127678842  0.1857971072  0.7654508012
-0.0505420712  2.1209981581 -0.5044599604  0.8172034736 -0.3042656044  0.2950415764 -0.8385478470  0.0381402233 -0.3120530402 -0.7380764723
 0.9496887668  0.0429316660  0.8135989979 -0.0483670973  0.0002413415 -0.4521435186 -1.3043511228 -0.6704574442 -0.5070018442  0.3141510387
-0.7132942692  0.0714675925  1.0552093188  1.2509982307 -1.3441264267 -0.2359351871 -0.8478788920 -1.3704142972  0.8936545106 -1.9887789685
 0.5088387778  0.4899973323  0.4323730704 -0.3187751802  0.1739933159 -0.6797685035  1.4392463110 -1.2280665748  1.4584981969 -0.9417178662
 0.5947884615  0.6787440735 -1.5469440382 -0.2946230555 -0.1463766975  0.1783437549 -0.4533584910 -1.5486582973 -0.0508772363  0.6982339579
 1.6388879538 -1.1247819433 -0.7055060172  1.7579181944  1.2627712411  0.0042296423 -0.8362231456  1.0243055756  0.8655409348  2.4414949813
-0.2258098303  0.2794330156  0.1560073213  0.4272911370 -0.9431544707  1.6108216240  1.3848541682 -0.8999492988 -0.3452994279 -0.0487167871
-0.3267420151 -0.5290023334  0.0011503776 -0.9188149913 -0.8778613598  1.3354472458  0.9080545384  1.7441061666 -0.2359155802  1.6948692666
 1.0717200095  0.5451399652 -0.4735254749  1.4701604475 -2.2063627135 -0.4072914974 -0.6619837595  0.0524415286  1.6817202754  1.3456978313
 0.4814909726 -1.0756149607  0.2372972577  1.0689435356 -0.5341136430  1.0093219730  0.4889441747 -0.4982592105  0.3831676613 -0.3247589211
 0.1694678423 -1.3609829121 -1.0141169280  0.5056114146 -0.8935971339  0.2593783843  0.5389972348  1.3662655885 -1.1985514692 -1.3303302255
-0.0974100688 -0.6046586976  1.1117101311 -0.1131249784 -1.2421977442 -0.1816572801  1.0762637337 -0.0509742443  1.8442984582 -0.7481751655
-0.1424381630 -0.2109802421  0.2502172848 -0.1910239733  2.0140438095  0.2545444574 -0.8313998070 -0.6443513586  0.4956784373  0.6405261260
 0.9317478061 -0.2727279596  0.0945426720 -1.3838656384 -0.2388467727  0.3077638822 -0.4853255606 -1.7953615620  1.9698662764  0.6200073370
 0.6768146777 -0.8074556636 -0.5298974326 -1.1112132073  2.3897530261  2.3889911012 -0.6719318855  0.1854713963 -0.7960172729  0.1807139823
-0.2423142734  0.4330035305 -0.8906989495 -1.1204097988  0.3127623473  0.7714739442 -0.5212063990 -0.8259159214 -1.1687663345 -1.2359588450
-0.2907361453  1.1842152836 -1.5899253277 -0.0188567655  1.3611308464  1.6560024550  0.7633781699 -0.6106039393  1.1384055624 -0.1485509457
 0.4688933331 -0.9934019104 -1.0862134729  0.2839553899  0.6196956649  0.7893553009  0.7769769266 -1.2647079266 -0.0366759355  1.6111624485
-0.0878666899 -0.6586769121 -0.0610325606  0.5477771482  0.1627783463 -0.5666889032  1.4983761340 -1.2755924814 -0.1552795725 -0.7365260186
-0.0428352405 -1.3332418685  0.9746396656 -0.2816676162 -0.0206481826 -0.2587092198  0.2298081636 -0.0380922275 -1.7374433880  1.7387146521
-0.8068002308 -0.8953507460  1.2654436295  0.0155752562  0.2209532311 -1.0312300783 -1.0182149590  2.6355319435 -1.2699769977 -0.0035098023
-0.2305565505  0.2336006607 -1.3165542923 -1.9561308244  1.0236502817  0.1791384599  0.5922859792 -1.6330176659 -1.7511550822  0.2348662696
 1.3561969377 -1.5709600792 -0.6743901709 -0.4212105985  0.3189262785 -1.2089688809  0.0937224565  1.0322550470 -0.8414015382 -2.0320661995
 0.7908480481 -0.6022736489 -0.0401412874  0.7959000465 -1.2039323807 -1.0662808187  1.4731207375 -1.3914797581 -0.5181057582 -2.0465790298
-0.5126260743  0.2479918875 -0.1297691308  0.5148723405  1.2391903868  1.0446129952  0.7626584106  0.3369443571 -0.9037065764 -0.0948088476
 1.5981604316 -1.4126494844 -1.1187880008 -0.4108032352 -0.1583868010 -0.4176198472 -0.4327277653 -0.1830946225  0.6808610136  1.5081055194
-0.6468191551  1.0773730807 -0.2745396441 -0.4242206558 -1.9180504015  0.1472473804 -1.4566255767  0.0111695676  1.2715457332 -0.1801993493
 0.3716888865  1.8518752479  0.9214118365 -0.9378394568  1.4077396034 -0.2132114696  0.6832233447  0.1760989613 -0.8754948363 -1.4181871752
 0.0432155545  0.0432489770 -1.0914584609 -0.0328887093  0.1728717025 -0.4189078349  0.0361998330 -0.5496763350 -0.8340905016  2.0232541878
 1.0133265617 -0.0690638102  0.0141866092  0.1403331224  0.5036840789 -0.6321399910  1.2340625746 -0.0171050248  0.6199380986  0.1000134391
 0.1496610877 -1.6256517349  0.9452351123 -1.1593556776 -0.5140915273  0.3987154031  1.3122747675 -0.3068183957  0.7882626882 -0.4147418019
 0.7025096438  1.0741020589 -1.4698474620  1.6613934030 -0.2269505314 -2.2767191577  0.0231708836  2.1602326234  0.0621841090  1.6290044692
-0.6274438061 -1.3939052901  1.3772993644  0.0032481929 -0.5353342964 -0.5545549934 -0.5809725385 -0.5541144209  0.3661499500 -0.3205449300
 0.3208502351 -0.0308841939 -1.0915208724  0.1902943342 -1.2005096768  1.6380477431 -0.3180546654  1.1720682617 -2.5010676160 -0.1828120656
-1.2424342971  0.9334926925  0.7101628930 -0.2966107952  0.2456753486 -0.3270819220 -1.3214892383  1.5436486375 -0.8321417077 -1.9679916397
-0.1387146344  0.8175799270  1.1213828366 -0.5375325822 -1.6350865141 -0.0928861220 -2.5530168780 -1.1021095311  0.3499939766  1.2049444421
 0.5324166800 -0.7124948657 -0.4407785019  0.6931337013  0.5677292689  2.0728137531 -0.4622738888 -1.1375389955 -0.7523817564 -0.4224983316
 0.9156780016 -0.0250604049  1.2005665274 -1.0951041884 -1.4752128518  0.2636587908  0.1279412627 -0.5047927734 -0.1253117196 -0.7364896652
-0.9268772140 -0.7188161657 -1.8357859168 -1.6995541832  0.1984985406  0.4155986452 -0.3188808278  0.2196534503  0.9360417617 -0.1535505503
 0.2151479518  0.5692615786  0.8018916755  0.1074554556 -0.6689733509  1.1747566408 -1.2269363209  0.6487328350 -0.0038220622  0.3575544094
 0.0129884081 -0.9551453852  0.3389970248 -0.4284240174 -0.3028654890 -0.3055278251 -0.8596601404  0.8788708435 -0.0514399160  1.1246838408
-0.0309701425 -0.5231992327 -0.1789585199 -1.4446582833  1.0587382186  0.1348780533  1.7205788346 -0.2723637086 -0.6981796947 -0.5395932741
-1.5222064907  0.7055566386  1.5218590693  0.8035658895  0.9120563755  1.4390329378 -0.4544737869 -1.0551610229  0.2898891834  1.0926350047
-0.1800856322  1.2128619708  0.2601472655 -0.0465936359  0.0014744426  0.3403755649  0.4634338078  1.5544017647  1.2034524576 -0.2840134874
 0.2818216865 -0.2368815242  0.7525360906 -1.3164464888  1.4958756375 -0.1699276384 -0.2268029361 -0.0601199687  0.0403286992 -1.3156447578
-0.0965977308 -1.1720487180 -0.1901738933 -1.6399177988 -0.5894904480 -0.3247485143  0.9329330611  0.5783817127 -1.7702165474  1.4346585781
 0.0898443308 -0.3414909804 -0.8265574510 -1.2664950538 -0.7097873306 -2.1001881407 -0.3443624422  0.2229055967 -0.0142906258 -0.5816263120
 0.8015635256 -1.8283382031 -0.4825274061 -0.8843089878 -0.1123959143 -0.7007163959  0.5977249881  0.7566332127  1.3662021112  0.3318168469
-0.9207663751  1.0238708052 -0.7435195948 -0.5985506890  0.9693201626  0.5265064476 -0.3419044599  0.9813707627 -0.0796160496 -0.9549646870
-0.7295038579 -1.7771610041  0.4946634868 -0.0190341235  0.7036300083 -0.1162964545 -0.4285397445 -1.4225091763 -0.9688532317  0.9859333822
-1.5845287160 -1.6575103862  0.2018431871  1.8801822660 -0.7112290033 -1.0585187105  1.7352267605  1.2941344455 -0.8653701559 -1.4824789377
-0.7024297834 -0.1345066730  0.7321399948 -0.5111440730 -0.2164332669 -1.4437798792  0.9480683307  0.4176449625 -0.8876874971 -0.1291902679
-0.9212348351 -0.8815747740 -0.0746364010 -1.0501107954  0.2068530508  0.4956972590  1.4522290039  0.4614281290  1.3564357229  1.0798932624
 0.4221804386  0.2822057553  1.0652033862 -0.1278968459 -0.4632516762  1.0457589369  1.0942964075  1.6825710764 -0.6177201379 -1.7473320471
 0.0917971926 -1.4234724173  1.7899710004  0.2598252370 -0.2321525996 -0.7202455483  1.1469411694 -0.4633333379 -3.1672978928  2.0669776392
-0.3184763893  0.0439150755 -0.7183101960  0.7495162509  1.5600236606  0.3520982742  0.9128296979 -1.9962465138  0.9054587552  0.7185816595
 1.3575524110 -0.5929466007  0.5871307930 -0.1880940414  0.0040098362  1.3191215558 -0.5495262124 -1.5560365621 -1.6564837966 -0.7819992792
-1.0310647214  0.5022864932 -0.7645365876 -0.1600707340  1.5430927023  0.4213792835  0.0894040422 -0.4313125488 -1.9424666190 -0.9809984113
-1.1242998830 -0.4975931020  1.1606888591  0.3634178574  0.2640832402  1.1907370397 -0.5900392755  1.3012648134  0.0477302146 -0.9552924294
 0.1193457078 -0.9324833019 -0.4029487929  0.6613628199 -0.0551227025 -0.2643649998  0.0253752183  0.0066415739 -0.2830192401 -0.2628546546
