0.43581200 0.77184303 0.74529287 0.80543527 0.15562231 0.79147528 0.06108661 0.05077914 0.18133448 0.85252881
0.59362022 0.37287100 0.86899827 0.76022866 0.76771028 0.15722737 0.42565128 0.57471325 0.88503587 0.46220161
0.80575347 0.14854491 0.48202556 0.19908195 0.44146096 0.44966726 0.56699498 0.23041917 0.09447993 0.92811693
0.58037641 0.37920327 0.30990088 0.33003356 0.48099468 0.32467534 0.49716917 0.82371310 0.86391909 0.63436775
0.95679350 0.78430377 0.50212216 0.61050723 0.24936940 0.99140803 0.23767356 0.04617190 0.44321013 0.10436134
0.62175257 0.30915319 0.47796981 0.42336527 0.54836808 0.13373364 0.18618481 0.12316089 0.23254554 0.34971857
0.37948380 0.91836878 0.11431171 0.78632284 0.57301059 0.74118687 0.29909754 0.05274204 0.74038805 0.43490115
0.02512392 0.24500402 0.99939584 0.77213175 0.63198550 0.62741165 0.07521989 0.87433338 0.50979424 0.95615254
0.27061593 0.65679768 0.24234673 0.83090231 0.43595018 0.47846928 0.66646471 0.70783414 0.08860366 0.38859105
0.48953916 0.10541476 0.41093567 0.34150509 0.47879767 0.52460451 0.42647421 0.62248636 0.13036554 0.57827075
