 4.782915e-01  1.016226e-01  1.121716e+00  4.625234e-01 -3.453177e-01  1.211169e+00  1.165768e+00  2.304272e+00 -1.703499e-02  1.651188e+00
-9.621248e-01 -8.579438e-01  9.207280e-02 -3.774294e-01  1.023254e+00  1.550277e+00 -1.158463e+00  1.449464e+00  1.286910e+00  2.652861e-01
 1.927501e+00  8.876515e-01 -3.533635e-01 -3.631993e-02  6.651447e-02  2.288448e-02  1.992713e+00  1.569509e+00  1.421074e-01  8.276275e-01
 5.879812e-01 -6.628857e-01  1.873104e+00 -1.220670e-01 -3.110261e-01 -1.226112e+00  4.961441e-02  2.793055e-01 -1.327280e+00  1.424067e+00
 5.161729e-01 -7.658732e-01  1.240627e+00 -1.351225e+00  5.855457e-02 -6.331898e-01  7.845339e-01 -2.327042e-01 -3.043487e-01 -7.780377e-01
-1.577232e+00 -4.303707e-01  1.076359e-01 -3.779527e-01  1.110455e+00  1.013922e+00 -3.902766e-01 -5.357290e-01  3.003704e-01  2.202506e-01
 2.227159e-01 -1.194563e+00 -6.500665e-01 -5.428866e-01 -1.257028e+00 -5.466598e-01 -1.242777e+00  7.832148e-01  6.691215e-01 -9.855784e-01
 1.632384e+00 -9.312890e-01 -3.028068e-01  1.153258e+00 -4.679801e-01 -7.777341e-01  4.981890e-02  1.989002e+00  4.129386e-01 -2.202873e-01
-1.074189e+00  4.435858e-01  2.842610e-01 -1.503860e+00  6.345243e-01  1.452439e-01  4.910522e-01 -1.546363e-01 -8.681515e-01  1.061830e+00
 6.647120e-01  9.127112e-01 -1.051410e+00  3.971438e-01  9.530955e-01 -1.955235e+00  1.082896e-01 -1.537093e-01 -4.149912e-01 -9.793673e-01
-1.356066e-01 -3.679415e-01 -1.760012e-01 -1.175577e+00  2.074041e+00 -1.017624e+00  1.058720e+00  4.161073e-01 -1.142176e-01 -2.921949e-01
-1.043475e+00 -1.431205e-01  7.989572e-01 -9.875077e-02  1.670906e-01  7.455026e-01  1.348810e+00 -2.357861e-01  2.768438e-01  1.258863e-01
 9.091011e-01  2.023709e+00  9.643716e-01 -1.019426e+00  1.764838e-01 -1.914494e-01  1.206912e+00 -6.739138e-01 -2.457647e-01  6.951233e-01
-9.350210e-01  2.075671e+00  5.618476e-01 -6.063851e-01 -1.765930e+00 -5.002780e-01 -1.665557e-01  6.758349e-01  1.279634e+00 -1.011188e+00
 2.234271e-01 -7.692823e-01 -2.086238e+00 -3.974283e-01  5.033777e-02  3.670627e-01 -4.477406e-01 -7.800510e-01 -4.260650e-01 -9.386962e-01
-3.565974e-01 -4.264336e-02 -7.682870e-01  1.415920e-01  2.225310e-01  4.214008e-01  6.450375e-02  6.243083e-01  1.291506e+00 -8.505467e-03
 1.868485e+00 -1.021375e+00  2.163779e+00  4.936586e-01 -3.873796e-01  1.614547e-02  9.648651e-01  3.595931e-01 -3.766806e-01  1.418620e+00
 1.033316e+00  1.495799e-01 -3.617439e-01  7.260582e-01  2.301143e+00 -1.046409e+00 -2.192526e+00  2.043404e-01  4.871347e-02  1.209465e+00
-1.059184e+00 -2.206566e-02  7.830161e-01  1.631176e+00 -1.410402e+00 -3.538169e-01  2.993239e-01  1.736860e+00  3.684673e-01 -2.201161e-01
 2.061079e+00 -1.348624e-01 -7.875954e-01 -6.515726e-01 -1.069741e+00 -2.162051e-01 -9.907257e-02 -2.697359e-01 -8.261362e-01 -3.588531e+00
-5.132938e-02  1.734629e+00 -2.158743e+00  1.472809e-01 -5.042293e-01  3.032210e-01 -7.125755e-03 -6.556546e-01  6.175272e-02 -2.155869e-02
-1.112814e+00  8.526145e-01 -4.256688e-01 -5.043036e-01  8.673731e-01  2.167614e-01 -1.302344e+00  4.709147e-01  2.072564e+00 -7.966640e-02
 2.347400e+00 -2.101922e-01  1.902890e+00 -2.360772e-01 -1.251831e-01 -4.982460e-01 -1.256959e+00  1.433025e+00  2.259802e+00 -1.473124e-01
 1.221988e+00 -7.814647e-01 -5.190338e-01 -2.126668e-01 -5.136145e-02  1.019458e+00  5.788015e-01  7.320652e-01 -6.418206e-01 -6.286634e-01
 3.940799e-02 -2.235166e-01  2.705425e+00 -1.961882e+00 -5.252548e-01 -4.323446e-01  5.483321e-01 -6.217659e-01 -4.088915e-01  8.940813e-01
-4.927309e-01  6.389131e-01 -8.202879e-01  7.692413e-01  1.194385e-01 -8.731880e-01  1.150801e+00 -7.954471e-01 -6.212181e-01  3.447662e-01
-7.006749e-01 -6.583826e-01 -1.008330e+00  2.798337e+00  8.593646e-01 -3.376238e-01 -4.864140e-01  2.762601e-01  1.235124e+00  1.140094e+00
-2.423736e+00 -9.728889e-01 -6.007274e-01  1.992549e-01 -6.347029e-01  2.281370e-01 -4.608846e-01  5.015967e-01 -2.169498e+00  3.844587e-01
-7.296091e-01  1.432132e+00 -8.645452e-01  9.946588e-01  1.885267e+00  2.004147e-01  5.732907e-01  1.278300e+00  2.134186e-01 -1.471617e+00
-4.880685e-01  5.277628e-01 -2.652737e-01 -7.201960e-01  2.704959e+00 -1.536017e+00  3.594653e-01 -9.729071e-02 -7.234284e-01  1.467067e+00
 1.636373e+00  2.768244e-01  6.073496e-01 -1.193558e+00  2.713435e-01 -4.773281e-01  8.847557e-01  4.841069e-01  3.672175e-01  3.617546e-01
 7.231409e-02  9.189608e-01  1.626377e+00  1.573137e+00  5.557786e-01  1.777646e+00  6.660828e-01 -1.617880e+00 -7.929773e-01 -5.975366e-01
 9.107174e-01  5.041903e-01 -5.924898e-01 -2.901183e-01  5.472348e-01  1.381447e+00 -8.463169e-01  8.562648e-02 -6.345465e-01  8.492456e-01
 5.434554e-01 -2.147080e+00 -1.379928e+00 -1.272151e+00  2.294777e-01  1.904956e+00  5.061974e-01 -9.039991e-01 -7.395775e-01  1.242690e+00
-2.825866e-01 -4.207724e-01  1.058506e+00 -1.076294e+00 -1.502649e-01  3.502189e-01 -1.526424e+00 -2.034256e+00 -3.670586e-02  9.240451e-01
 7.291652e-01 -1.179596e-01  1.511838e+00  1.479353e+00  1.026122e+00 -3.419895e-01  1.268419e+00 -1.924300e-01 -1.895425e-01 -9.465195e-01
 2.969877e-01 -8.410534e-01 -5.264602e-01  9.897576e-01 -7.562714e-01 -4.518975e-01  7.746794e-01  1.028309e+00  4.180735e-01  3.833249e-01
-1.439858e+00 -1.792559e+00  8.731587e-01  1.712278e+00  4.101567e-01  7.138879e-02 -1.503933e-01  7.084179e-01  1.884221e+00 -6.084986e-01
 1.195143e+00  1.320831e+00  5.178289e-02  1.873323e+00  1.086046e+00 -5.036162e-01 -6.566818e-01 -1.277317e+00 -8.620079e-01 -8.363994e-01
 8.635942e-01  2.006284e+00  9.773451e-01 -6.773851e-01 -8.105422e-02  1.089886e+00 -2.402248e-01 -1.220483e-01  1.387779e-01  1.347835e+00
-8.494709e-01  5.198318e-01 -5.106478e-01  2.055992e-01  2.475261e+00 -2.474921e-01 -1.044823e-01  9.222980e-01  8.130078e-01 -1.242439e-01
-7.124375e-02 -6.692400e-01  2.780469e-01 -2.722368e-01  6.950205e-02 -2.523468e-01 -1.704284e-01  1.848113e+00  2.430201e+00 -4.584467e-01
-3.258319e-02  2.988880e-02  1.989728e-01 -1.016237e+00  7.916475e-01  1.072406e+00 -9.933657e-02  2.203567e-02  5.325906e-01 -1.450646e+00
-2.551279e-01  1.346553e+00 -2.300942e-01  1.111718e+00  4.821743e-02 -5.442828e-01  2.246953e+00  6.398806e-01 -7.024985e-01  8.204538e-01
-8.999623e-01  4.869105e-01  2.618140e-01 -9.720582e-01 -1.366433e-01 -1.293791e+00  4.431866e-01  5.180868e-01 -7.863546e-01 -1.063377e+00
 1.559586e+00 -1.478854e+00 -2.512543e-01  2.224717e-01  2.185171e+00  6.848975e-01 -1.065410e+00 -3.807259e-01 -7.084645e-01  9.166132e-01
 3.547016e-02 -5.552067e-01  5.681916e-01 -8.263029e-01 -9.817439e-01  7.311727e-02 -4.541925e-01  1.436408e+00 -1.149945e+00 -1.053887e+00
-1.827868e+00 -2.073989e-01  4.167467e-01 -1.095841e-01  4.898862e-01 -1.897917e-01 -9.450292e-01  7.817414e-01 -1.762365e+00 -1.042633e+00
-1.375210e+00  5.025415e-01 -2.552644e-01 -2.572361e-01 -4.136453e-01  5.277479e-01 -3.571408e-01  1.110337e+00 -1.158318e+00 -2.685192e-01
-1.175291e-01  1.592936e+00 -4.522250e-01 -1.737153e+00 -1.036895e+00  7.534413e-01 -1.040330e+00  9.518831e-01  3.039425e-02  2.806760e-01
 3.373572e-01 -7.200500e-01  6.734132e-01  1.598120e+00  5.497712e-01 -3.949031e-01  2.397467e+00  2.726805e+00 -1.482052e+00 -9.408701e-01
 2.798932e-01  1.381642e-01  4.726977e-01 -2.814173e-01  7.497336e-01  1.188451e+00  1.991053e+00  1.569446e+00 -2.147078e-01  4.784432e-01
-1.052861e+00 -1.863756e+00 -4.017313e-01 -2.951637e-01 -4.518517e-01  9.941900e-01  2.238803e+00  3.044125e-01  3.879976e-02 -4.194629e-01
 4.064116e-01  2.048779e-01 -1.186558e+00 -6.203478e-01 -5.186350e-01  9.520349e-01 -2.137600e+00 -5.646761e-01  4.663775e-01 -3.295625e-01
 1.658737e-01  1.027923e+00  1.718685e+00 -8.851697e-01 -1.233534e+00 -3.748635e-01  3.682101e-01  8.902567e-01 -1.409394e+00 -9.177676e-01
 5.069171e-01 -8.511001e-01  7.503881e-01 -7.888760e-01  8.432379e-01 -1.608779e+00 -8.717060e-01  8.172086e-02  1.946566e+00  4.147455e-01
 3.090018e-01  1.307031e+00 -4.221579e-01  7.062424e-01 -1.141592e+00  1.392053e+00  6.126127e-01 -8.874801e-01  3.736870e-01 -1.731582e-01
 2.274185e-02  5.135942e-01  1.479236e+00  2.037022e-01 -2.788210e-01  1.394840e+00  1.588709e+00  3.290479e-01  1.698232e-01 -5.355818e-01
-2.984430e+00  1.529680e-01  1.607938e+00 -1.321569e+00 -1.398175e-01  1.668591e+00 -3.365067e-01  8.897184e-01 -8.959047e-01 -6.603790e-01
 4.297526e-01 -1.946293e-02 -4.593197e-01  1.019421e-01 -8.445691e-01  1.424999e+00 -3.139470e-01  5.526430e-01  4.603506e-01 -8.633577e-01
 5.511012e-01  1.716371e-01  7.592030e-01  2.200616e-01  2.008660e-01 -1.661986e+00 -6.927315e-02 -2.644627e-01 -2.690315e-02  6.088497e-01
 3.646763e-02  1.217722e+00  1.501981e+00  1.632367e-01  1.075248e+00  4.386774e-01 -5.095736e-01  4.505197e-01  1.907789e+00 -1.758454e+00
 6.547342e-01  7.495810e-01  1.999102e+00 -1.185036e+00 -8.794944e-01 -1.484227e+00  1.001638e-01  2.934393e-01  1.674487e-01  1.118834e+00
 1.373892e+00 -1.373566e-01 -9.127027e-01 -3.004182e-01 -2.250108e-01 -2.104616e-01  7.072729e-05  2.992596e-01  8.175191e-01  4.986177e-01
 1.913941e+00 -4.647105e-02 -1.041832e-01  1.528076e+00 -7.453394e-01  9.703489e-01 -3.993134e-01 -8.968417e-01  4.240732e-01 -1.287363e+00
 1.040126e-02  4.991815e-01 -4.796008e-01  1.898189e-01 -5.776876e-01 -1.274618e+00 -8.640623e-01 -7.628624e-01 -8.786011e-01 -9.454867e-01
-1.221235e+00 -1.446969e+00 -6.008281e-01  9.070622e-01 -1.103757e-01  9.275675e-01  2.110335e-01  3.611233e-01  8.832648e-01  1.269487e+00
 4.945163e-01  1.100918e+00  9.263899e-01 -8.726089e-01 -2.126244e+00  1.344707e+00  6.289591e-01 -1.179564e+00 -9.621676e-01 -9.016104e-01
-7.177206e-01 -1.946240e+00 -1.757118e-02  4.772320e-01 -1.311076e+00 -3.927617e-01  9.766439e-01 -9.272471e-01  8.245451e-01 -9.145283e-01
 6.590640e-01 -2.094703e+00 -1.435080e+00 -1.595461e-01 -1.289856e+00  1.306747e+00  3.402600e-01 -1.652774e+00  1.099244e+00 -2.231915e-01
 1.438632e+00  6.517255e-01  4.623983e-01 -2.292432e-01 -2.330383e-01 -4.568863e-02  3.997834e-01  3.565443e-01  1.333791e+00  6.407786e-01
-1.050556e+00  9.762686e-01 -1.299682e+00 -3.497647e-01  1.532071e+00  8.550823e-01 -1.625997e+00  1.211831e+00 -5.980929e-01  1.161288e+00
 6.592268e-01 -2.882708e-02  3.685565e-01 -2.162641e+00 -1.241710e+00  5.026321e-02 -1.110657e+00 -2.090355e+00  1.050450e+00 -1.460446e+00
-2.862182e-01  5.639656e-01 -8.372851e-01 -1.514005e-01  1.007043e+00 -6.893480e-02  5.225632e-01 -3.921440e-01  7.854973e-02 -7.072902e-01
-1.717109e+00  1.287624e+00 -2.800504e-01  2.291958e+00 -9.776885e-01 -1.990294e-01 -9.012793e-01 -3.748858e-01  1.966958e-01 -7.046235e-01
 9.686486e-01  1.034527e+00 -6.652435e-01  1.092432e+00 -7.241812e-01 -1.217046e+00  5.612229e-01 -4.106897e-01  6.714839e-01 -9.579681e-01
-4.828035e-01 -2.518302e-01 -4.670107e-01  8.341425e-01  9.930358e-01  3.017491e-01  3.475426e-01 -1.071945e+00  8.781120e-01  2.638985e+00
 9.281921e-01 -7.002144e-01 -1.192710e-01  1.722478e-01 -1.094502e+00  3.811457e-01  5.942986e-01 -1.328372e+00 -9.135459e-01 -9.042325e-01
 7.410764e-01 -7.569848e-01  7.497223e-02  7.892239e-01  3.591560e-01  9.887266e-01  1.926441e-01  1.722835e-01  8.487432e-01  4.625226e-01
 2.766267e-01 -1.767552e+00  9.682573e-03  1.179187e+00  9.138733e-01  6.735093e-01 -1.809578e-01 -3.506720e-01  1.063305e+00  7.979670e-01
 8.599458e-01 -9.562649e-04  1.745718e-01  6.366352e-01 -3.505188e-01  1.234374e+00 -4.396349e-01  5.948564e-01  9.345222e-01  5.820561e-01
 6.845704e-02  7.760935e-01  5.445079e-01  6.429102e-01  1.436336e+00 -6.113849e-01  5.885256e-02 -1.557576e-01 -5.608022e-02  1.071881e+00
 6.348224e-01  2.621407e-01  5.460031e-01  5.445507e-02  1.961542e+00  5.679725e-01 -1.350319e+00 -2.035130e-01  1.369421e+00 -5.166443e-01
 7.789590e-01 -2.262344e+00  3.840534e-01  8.278027e-01 -1.282805e-01  2.122688e+00 -7.622309e-01 -1.293025e-01 -1.048812e+00 -8.815185e-01
-4.984230e-01 -3.818522e-01  4.621236e-01  8.848205e-02  2.521966e-02  1.750014e+00  2.034174e-01  4.203371e-01 -8.100948e-01  8.616826e-03
-2.078056e-01  8.816866e-01 -1.984604e+00 -7.313430e-01  2.472315e-01  1.026972e+00  8.657981e-01  4.605843e-02 -1.158580e+00 -1.571483e+00
-1.724975e-02 -3.360627e-01 -9.213420e-01  2.237552e-02  6.321085e-01 -5.066686e-01  1.734782e+00  3.803557e-01  6.680953e-01 -2.190060e+00
-1.600883e-01 -1.203596e+00  5.646687e-01 -1.420055e+00  7.932895e-01  6.610693e-01  5.133711e-02  6.960210e-01 -1.397321e+00 -1.106696e+00
-1.882721e+00 -1.877509e+00 -2.513854e+00 -4.003943e-01 -5.236630e-01  1.394684e+00  4.626702e-01 -1.079686e+00 -7.875750e-01  8.114967e-02
 8.231582e-02 -1.103517e+00  5.725335e-01 -6.832793e-01  8.449693e-01 -1.761123e+00 -1.454318e+00 -6.621124e-01  1.434073e+00 -1.940926e+00
 1.020483e+00  1.094022e+00  1.082773e+00  2.917443e-01  3.811509e-01 -9.989486e-01  6.719117e-01  1.305829e-01  5.900695e-01  1.018480e+00
-1.186221e+00 -6.314502e-02  7.723183e-01 -5.897335e-01 -3.798718e-01 -1.407412e+00  1.554372e+00 -4.490957e-01 -8.163315e-01 -1.642000e+00
 2.307612e-01  5.450083e-01  6.078580e-01 -1.483509e+00  1.731098e+00  1.023827e+00  1.280193e+00  3.978095e-01  5.128629e-02  7.753273e-01
-1.577753e+00  2.595496e-01 -4.483849e-02  7.491906e-01 -5.552072e-01  6.322172e-01 -4.730157e-02  4.531953e-01  1.168403e+00  2.471355e-01
-8.476322e-01  8.847028e-01 -7.477285e-01  7.836688e-01 -2.758868e+00  1.250957e+00 -5.898652e-01  1.088054e+00 -1.616381e+00 -4.046868e-02
-9.977197e-01 -3.669009e-01 -1.841726e+00  1.053544e-01  5.520304e-01 -9.970385e-01 -1.177945e+00  2.113039e+00  2.924180e-02 -4.726350e-01
-7.063530e-01 -1.075689e+00  1.526246e+00  6.421582e-01  1.929960e+00  1.555745e+00 -1.367090e+00  3.375910e-01  5.252852e-01 -2.803563e-01
-4.486205e-01  6.031322e-01 -2.089789e+00 -4.872027e-01  9.424941e-02  1.053019e+00  1.583197e+00 -1.193276e+00  1.411322e+00  8.359135e-01
-9.105281e-01  6.036444e-01  8.154242e-01 -3.194562e-01 -1.375636e-01 -1.331985e+00 -3.795710e-01 -1.269193e-01  7.837071e-01 -4.221870e-01
 1.052652e-01 -7.090353e-01  8.876301e-01 -1.502240e+00  1.735972e+00 -3.582382e-01 -4.792662e-01 -1.218116e-01 -7.736259e-02  3.681801e-02
