0.3503788 0.2850795 0.5368854 0.1848618 0.1850156
0.6953092 0.9479589 0.6435939 0.3128133 0.9941343
0.7332021 0.9371841 0.8605685 0.9351999 0.9478318
0.2608577 0.544063 0.2244291 0.4028371 0.5349026
0.4230888 0.5289147 0.8040123 0.09248112 0.9222688
0.7683457 0.7425026 0.8403716 0.4259389 0.1988585
0.201876 0.9435289 0.08224852 0.5811728 0.7403765
0.5969537 0.7304202 0.2750514 0.1740832 0.4874607
0.7269516 0.3922836 0.374363 0.8851367 0.9353524
0.5699641 0.6168767 0.9851904 0.3914675 0.1858143
0.4185286 0.4257618 0.6703593 0.3541001 0.8338486
0.1181055 0.07916589 0.798374 0.6659087 0.9760119
0.6749606 0.406521 0.2654017 0.2461348 0.2400295
0.8072512 0.6920494 0.7946149 0.1017307 0.09074088
0.3092106 0.7321401 0.7076977 0.4532314 0.9462413
0.2042856 0.2782791 0.3273031 0.2424582 0.800224
0.8659821 0.5828313 0.08606766 0.122399 0.9113983
0.009839794 0.1420029 0.1063666 0.2551825 0.6795027
0.4303388 0.7230836 0.7977626 0.2869401 0.8403781
0.4455938 0.2121266 0.7576182 0.5734012 0.4773827
0.435812 0.5936202 0.8057535 0.5803764 0.9567935
0.6217526 0.3794838 0.02512392 0.2706159 0.4895392
0.771843 0.372871 0.1485449 0.3792033 0.7843038
0.3091532 0.9183688 0.245004 0.6567977 0.1054148
0.7452929 0.8689983 0.4820256 0.3099009 0.5021222
0.4779698 0.1143117 0.9993958 0.2423467 0.4109357
0.8054353 0.7602287 0.1990819 0.3300336 0.6105072
0.4233653 0.7863228 0.7721317 0.8309023 0.3415051
0.1556223 0.7677103 0.441461 0.4809947 0.2493694
0.5483681 0.5730106 0.6319855 0.4359502 0.4787977
0.7914753 0.1572274 0.4496673 0.3246753 0.991408
0.1337336 0.7411869 0.6274117 0.4784693 0.5246045
0.06108661 0.4256513 0.566995 0.4971692 0.2376736
0.1861848 0.2990975 0.07521989 0.6664647 0.4264742
0.05077914 0.5747133 0.2304192 0.8237131 0.0461719
0.1231609 0.05274204 0.8743334 0.7078341 0.6224864
0.1813345 0.8850359 0.09447993 0.8639191 0.4432101
0.2325455 0.7403881 0.5097942 0.08860366 0.1303655
0.8525288 0.4622016 0.9281169 0.6343678 0.1043613
0.3497186 0.4349012 0.9561525 0.3885911 0.5782708
