FECHA     HORA  TEMP   HUM   PNM    DD    FF     NOMBRE                                                                                                
06052022     0  17.5   88  1020.7  350    7     AEROPARQUE                                    
06052022     1  16.6   84  1020.6  320   11     AEROPARQUE                                    
06052022     2  -999   90  1020.4  320    9     AEROPARQUE                                    
06052022     3  15.0   89  1020.4  320   11     AEROPARQUE                                    
06052022     4  15.1   88  1020.3  320    9     AEROPARQUE                                    
06052022     5  14.9   87  1020.3  300    6     AEROPARQUE                                    
06052022     6  14.8   87  1020.7  320    6     AEROPARQUE                                    
06052022     7  14.4   88  -999    320    7     AEROPARQUE                                    
06052022     8  13.7   90  1022.0  320    7     AEROPARQUE                                    
06052022     9  15.1   86  1022.4  320    7     AEROPARQUE                                    
06052022    10  17.7   77  1022.9  320    6     AEROPARQUE                                    
06052022    11  20.3   72  1023.1  320   15     AEROPARQUE                                    
06052022    12  20.1   75  1022.8  360   15     AEROPARQUE                                    
06052022    13  20.9   74  1022.3  360   13     AEROPARQUE                                    
06052022    14  21.9   68  1021.6  360   15     AEROPARQUE                                    
06052022    15  20.5   81  1021.4   20   13     AEROPARQUE                                    
06052022    16  20.7   81  1021.3   50    7     AEROPARQUE                                    
06052022    17  20.5   81  1021.2   20    9     AEROPARQUE                                    
06052022    18  20.0   85  1021.2  360    6     AEROPARQUE                                    
06052022    19  19.3   91  1021.4  -999   2     AEROPARQUE                                    
06052022    20  18.9   91  1022.1  -999   2     AEROPARQUE                                    
06052022    21  18.8   90  1022.5  340    6     AEROPARQUE                                    
06052022    22  18.2   89  1022.5  320    7     AEROPARQUE                                    
06052022    23  17.8   86  1022.5  320   11     AEROPARQUE    
06052022     0  16.8   94  1019.5   20    4     RESISTENCIA                                   
06052022     1  15.4   96  1020.0   50    4     RESISTENCIA                                   
06052022     2  14.7   96  1020.1   70    4     RESISTENCIA                                   
06052022     3  14.7   96  1019.9   90    6     RESISTENCIA                                   
06052022     4  14.7   97  1019.8   90    4     RESISTENCIA                                   
06052022     5  14.7   98  1019.6  -999   4     RESISTENCIA                                   
06052022     6  13.4   97  1019.7   90    4     RESISTENCIA                                   
06052022     7  12.6  100  1020.6  140    2     RESISTENCIA                                   
06052022     8  12.9   99  1021.1  140    2     RESISTENCIA                                   
06052022     9  16.0   99  1021.8  -999   2     RESISTENCIA                                   
06052022    10  -999   85  1022.1   90    6     RESISTENCIA                                   
06052022    11  22.0   79  1022.7   50    9     RESISTENCIA                                   
06052022    12  23.6   71  1022.3   50    9     RESISTENCIA                                   
06052022    13  24.6   62  1021.6   20    9     RESISTENCIA                                   
06052022    14  24.4   63  1021.2   20    6     RESISTENCIA                                   
06052022    15  24.7   63  1020.6  360    4     RESISTENCIA                                   
06052022    16  24.5   65  -999     20    6     RESISTENCIA                                   
06052022    17  24.6   63  1020.3  110    4     RESISTENCIA                                   
06052022    18  23.2   72  1020.5   90    4     RESISTENCIA                                   
06052022    19  20.3   85  1020.5  110    4     RESISTENCIA                                   
06052022    20  20.1   81  1020.9   90    2     RESISTENCIA                                   
06052022    21  17.7   93  1021.6  140    2     RESISTENCIA                                   
06052022    22  17.2   96  1022.2  140    4     RESISTENCIA                                   
06052022    23  17.3   95  1022.2  110    4     RESISTENCIA 
06052022     0  13.9   86  1017.1  360   11     TUCUMAN                                       
06052022     1  13.3   86  1017.2  360   11     TUCUMAN                                       
06052022     2  12.6   88  1016.9  340   11     TUCUMAN                                       
06052022     3  12.7   84  1016.6   20    6     TUCUMAN                                       
06052022     4  12.6   85  1016.4  340   11     TUCUMAN                                       
06052022     5  11.9   87  1016.5  340   13     TUCUMAN                                       
06052022     6  10.7   88  1017.4  340   13     TUCUMAN                                       
06052022     7  11.2   86  1018.4  360   11     TUCUMAN                                       
06052022     8  11.1   87  1019.6   20    9     TUCUMAN                                       
06052022     9  11.5   85  1020.6   20    9     TUCUMAN                                       
06052022    10  14.3   80  1020.8  340   11     TUCUMAN                                       
06052022    11  18.1   66  1021.1  320    6     TUCUMAN                                       
06052022    12  20.5   61  1020.6  -999   6     TUCUMAN                                       
06052022    13  21.7   55  1019.8  110    6     TUCUMAN                                       
06052022    14  22.7   52  1019.1  -999   7     TUCUMAN                                       
06052022    15  23.7   45  1018.2  -999   7     TUCUMAN                                       
06052022    16  23.7   45  1018.0  -999   4     TUCUMAN                                       
06052022    17  23.9   48  1018.0  -999   6     TUCUMAN                                       
06052022    18  23.3   51  1018.4  230    9     TUCUMAN                                       
06052022    19  19.9   66  1019.1  230    9     TUCUMAN                                       
06052022    20  -999   76  1020.3  230    7     TUCUMAN                                       
06052022    21  17.3   80  1021.1  360    6     TUCUMAN                                       
06052022    22  14.7   87  1021.6  360    9     TUCUMAN                                       
06052022    23  13.7   90  1021.3  360    7     TUCUMAN
06052022     0   6.6   93  1016.1    0    0     VIEDMA                                        
06052022     1   6.7   90  1016.3  -999   4     VIEDMA                                        
06052022     2   6.4   88  1016.7  290    6     VIEDMA                                        
06052022     3   4.8   99  1016.5  320    7     VIEDMA                                        
06052022     4   5.3   95  1016.7  320    6     VIEDMA                                        
06052022     5   5.1   94  1017.2  -999   2     VIEDMA                                        
06052022     6   4.5   93  1017.4  320    4     VIEDMA                                        
06052022     7  -999   91  1017.9  -999   4     VIEDMA                                        
06052022     8   3.5   90  1018.5  -999   6     VIEDMA                                        
06052022     9   4.6   76  1019.0  -999   4     VIEDMA                                        
06052022    10  10.5   89  1019.7  -999   4     VIEDMA                                        
06052022    11  13.7   73  1020.3  180    6     VIEDMA                                        
06052022    12  17.8   61  1020.3  180    7     VIEDMA                                        
06052022    13  20.5   44  1020.0  180    7     VIEDMA                                        
06052022    14  21.2   40  1019.6  110   15     VIEDMA                                        
06052022    15  21.1   39  1019.2  140   15     VIEDMA                                        
06052022    16  21.1   39  1019.0  110   13     VIEDMA                                        
06052022    17  20.5   43  1018.7   90   13     VIEDMA                                        
06052022    18  17.9   50  1018.7   90   11     VIEDMA                                        
06052022    19  15.1   61  1018.9   70    9     VIEDMA                                        
06052022    20  14.3   69  1018.9   50    6     VIEDMA                                        
06052022    21  -999   77  1018.5   50    9     VIEDMA                                        
06052022    22  13.3   75  1018.4   20    6     VIEDMA                                        
06052022    23  12.4   84  1018.4  360    6     VIEDMA
